1280,640,40
Poligono 4 125 105 125 145 165 145 165 105, true, 60
Poligono 4 275 105 275 145 345 145 345 105, false, 0
Poligono 4 445 105 445 145 485 145 485 105, true, 60
Poligono 4 605 105 605 145 645 145 645 105, false, 0
Poligono 4 775 105 775 145 815 145 815 105, true, 60
Poligono 4 925 105 925 145 965 145 965 105, false, 0
Poligono 4 1045 105 1045 145 1085 145 1085 105, true, 60
Poligono 4 125 505 125 545 165 545 165 505, true, 60
Poligono 4 295 505 295 545 335 545 335 505, false, 0
Poligono 4 445 505 445 545 485 545 485 505, true, 60
Poligono 4 605 505 605 545 645 545 645 505, false, 0
Poligono 4 775 505 775 545 815 545 815 505, true, 60
Poligono 4 925 505 925 545 965 545 965 505, false, 0
Poligono 4 1045 505 1045 545 1085 545 1085 505, true, 60
Snake 120,320
SquareFood,30
CircleFood,15
